Dimension:  2
Shape    : <  3,  9>
| 1  2  3  4  5  6  7  8  9 | 
|11 12 13 14 15 16 17 18 19 | 
|21 22 23 24 25 26 27 28 29 | 

Dimension:  2
Shape    : <  2,  2>
| 8  9 | 
|18 19 | 

Dimension:  2
Shape    : <  2,  9>
| 1  2  3  4  5  6  7  8  9 | 
|11 12 13 14 15 16 17 18 19 | 

Dimension:  2
Shape    : <  3,  9>
| 1  2  3  4  5  6  7  8  9 | 
|11 12 13 14 15 16 17 18 19 | 
|21 22 23 24 25 26 27 28 29 | 

Dimension:  2
Shape    : <  0,  9>
<>
Dimension:  2
Shape    : <  2,  0>
<>
Dimension:  3
Shape    : <  2,  0,  5>
<>
Dimension:  2
Shape    : <  3,  8>
| 1  2  3  4  5  6  7  8 | 
|11 12 13 14 15 16 17 18 | 
|21 22 23 24 25 26 27 28 | 

Dimension:  2
Shape    : <  6,  9>
| 1  2  3  4  5  6  7  8  9 | 
|11 12 13 14 15 16 17 18 19 | 
|21 22 23 24 25 26 27 28 29 | 
| 1  2  3  4  5  6  7  8  9 | 
|11 12 13 14 15 16 17 18 19 | 
|21 22 23 24 25 26 27 28 29 | 

Dimension:  1
Shape    : <  9>
< 9  8  7  6  5  4  3  2  1 > 
Dimension:  2
Shape    : <  3,  9>
|21 22 23 24 25 26 27 28 29 | 
|11 12 13 14 15 16 17 18 19 | 
| 1  2  3  4  5  6  7  8  9 | 

Dimension:  2
Shape    : <  3,  9>
|14 15 16 17 18 19 11 12 13 | 
|24 25 26 27 28 29 21 22 23 | 
| 4  5  6  7  8  9  1  2  3 | 

Dimension:  2
Shape    : <  3,  9>
|21 22 23 24 25 26 27 28 29 | 
| 1  2  3  4  5  6  7  8  9 | 
|11 12 13 14 15 16 17 18 19 | 

Dimension:  2
Shape    : <  3,  9>
| 3  4  5  6  7  8  9  0  0 | 
|13 14 15 16 17 18 19  0  0 | 
|23 24 25 26 27 28 29  0  0 | 

Dimension:  2
Shape    : <  3,  9>
| 0  0  0  0  0  0  0  0  0 | 
| 0  0  0  0  0  0  0  0  0 | 
| 0  0  0  0  0  0  0  0  0 | 

Dimension:  2
Shape    : <  3,  9>
| 0  0  0  0  0  0  0  0  0 | 
| 1  2  3  4  5  6  7  8  9 | 
|11 12 13 14 15 16 17 18 19 | 

